4294967294,0
4294967279,114
4294967279,113
4294967279,112
4294967278,153
4294967278,368
4294967278,149
4294967279,117
4294967279,116
4294967279,115
4294967278,383
4294967278,141
4294967278,139
4294967278,366
4294967278,136
4294967278,403
4294967278,380
4294967278,133
4294967278,276
4294967279,118
4294967278,269
4294967279,122
4294967279,121
4294967279,120
4294967279,119
4294967278,382
4294967278,266
4294967278,265
4294967278,334
4294967278,378
4294967278,263
4294967278,262
4294967279,123
4294967278,333
4294967279,521
4294967279,553
4294967279,552
4294967279,518
4294967279,124
4294967279,550
4294967279,336
4294967279,125
4294967279,126
4294967278,207
4294967278,402
4294967279,127
4294967278,183
4294967279,129
4294967279,128
4294967279,296
4294967278,299
4294967278,158
4294967278,156
4294967278,381
4294967279,130
4294967278,152
4294967278,4
4294967279,132
4294967279,131
4294967279,289
4294967278,292
4294967278,142
4294967279,335
4294967278,291
4294967278,7
4294967278,6
4294967278,5
4294967278,337
4294967278,367
4294967278,138
4294967278,277
4294967278,290
4294967278,365
4294967278,134
4294967278,11
4294967278,10
4294967278,9
4294967278,8
4294967278,336
4294967278,335
4294967278,284
4294967278,287
4294967278,286
4294967278,273
4294967279,334
4294967278,283
4294967278,364
4294967278,12
4294967278,271
4294967278,401
4294967278,14
4294967278,13
4294967279,198
4294967279,541
4294967294,423
4294967278,16
4294967278,15
4294967279,190
4294967279,186
4294967279,184
4294967278,23
4294967278,22
4294967278,21
4294967278,20
4294967278,19
4294967278,18
4294967278,17
4294967278,176
4294967278,175
4294967278,173
4294967278,171
4294967279,171
4294967279,169
4294967278,168
4294967278,305
4294967278,164
4294967278,301
4294967278,162
4294967278,161
4294967278,159
4294967278,29
4294967278,28
4294967278,27
4294967278,26
4294967278,25
4294967278,24
4294967278,297
4294967278,342
4294967278,155
4294967278,282
4294967278,154
4294967278,369
4294967278,296
4294967278,151
4294967278,295
4294967278,150
4294967278,294
4294967278,148
4294967278,384
4294967278,147
4294967278,363
4294967278,144
4294967278,143
4294967279,271
4294967279,255
4294967278,30
4294967278,230
4294967278,400
4294967278,31
4294967278,33
4294967278,32
4294967279,312
4294967279,544
4294967279,195
4294967278,37
4294967278,36
4294967278,35
4294967278,34
4294967279,563
4294967279,309
4294967279,183
4294967279,182
4294967278,181
4294967279,181
4294967278,45
4294967278,44
4294967278,43
4294967278,42
4294967278,41
4294967278,40
4294967278,39
4294967278,38
4294967278,346
4294967279,301
4294967278,309
4294967278,345
4294967279,534
4294967278,308
4294967279,299
4294967278,172
4294967278,343
4294967278,170
4294967278,169
4294967279,168
4294967278,306
4294967278,167
4294967278,166
4294967278,304
4294967278,165
4294967278,303
4294967278,163
4294967278,46
4294967278,302
4294967278,300
4294967278,48
4294967278,47
4294967279,158
4294967279,151
4294967278,49
4294967279,288
4294967278,399
4294967279,143
4294967279,272
4294967278,50
4294967279,333
4294967279,275
4294967278,258
4294967278,51
4294967278,237
4294967278,52
4294967278,174
4294967278,56
4294967278,55
4294967278,54
4294967278,53
4294967279,332
4294967278,214
4294967279,545
4294967278,200
4294967279,199
4294967279,197
4294967278,60
4294967278,59
4294967278,58
4294967278,57
4294967279,540
4294967279,311
4294967279,539
4294967279,218
4294967279,191
4294967279,310
4294967279,562
4294967278,188
4294967279,187
4294967279,185
4294967278,61
4294967279,86
4294967279,84
4294967279,82
4294967279,535
4294967279,179
4294967279,302
4294967279,177
4294967279,175
4294967279,173
4294967278,398
4294967279,172
4294967279,533
4294967279,170
4294967279,81
4294967279,79
4294967279,298
4294967279,166
4294967279,294
4294967279,162
4294967279,159
4294967279,78
4294967279,149
4294967279,147
4294967279,74
4294967279,73
4294967279,304
4294967279,286
4294967279,139
4294967279,556
4294967279,136
4294967279,135
4294967278,397
4294967279,279
4294967279,265
4294967279,72
4294967279,70
4294967279,69
4294967279,68
4294967279,67
4294967278,396
4294967279,253
4294967278,255
4294967278,253
4294967278,250
4294967278,395
4294967279,66
4294967279,65
4294967279,64
4294967278,239
4294967278,374
4294967278,234
4294967278,220
4294967279,63
4294967279,61
4294967279,60
4294967278,323
4294967278,209
4294967278,358
4294967278,202
4294967278,198
4294967278,197
4294967279,57
4294967278,318
4294967278,184
4294967279,180
4294967279,300
4294967279,54
4294967279,53
4294967279,52
4294967279,531
4294967279,331
4294967279,295
4294967279,165
4294967279,164
4294967279,50
4294967279,292
4294967279,161
4294967279,291
4294967279,47
4294967279,46
4294967279,321
4294967279,45
4294967279,156
4294967279,157
4294967279,155
4294967279,528
4294967279,153
4294967279,560
4294967279,559
4294967279,43
4294967279,41
4294967279,40
4294967279,39
4294967279,38
4294967279,558
4294967279,330
4294967279,145
4294967279,569
4294967279,144
4294967279,287
4294967279,142
4294967279,36
4294967279,35
4294967279,33
4294967279,32
4294967279,30
4294967279,29
4294967279,140
4294967279,525
4294967279,138
4294967279,137
4294967279,268
4294967279,134
4294967279,522
4294967279,269
4294967279,270
4294967279,267
4294967279,282
4294967279,27
4294967279,26
4294967279,25
4294967279,278
4294967279,555
4294967279,570
